42 42
 1.000000000000000e+00  3.255646901610910e-01  1.517741117841460e-01  0.000000000000000e+00  0.000000000000000e+00  0.000000000000000e+00  0.000000000000000e+00  0.000000000000000e+00  0.000000000000000e+00  2.775557561562891e-17  0.000000000000000e+00  0.000000000000000e+00  0.000000000000000e+00  0.000000000000000e+00  0.000000000000000e+00  1.335811247587149e-06  1.372208838281136e-02  4.571404149179515e-02  0.000000000000000e+00  0.000000000000000e+00  1.493582260565068e-06  0.000000000000000e+00  0.000000000000000e+00 -1.104550246081547e-02  0.000000000000000e+00  0.000000000000000e+00 -9.621261634133778e-02  3.789265201695920e-02  0.000000000000000e+00  0.000000000000000e+00  0.000000000000000e+00  0.000000000000000e+00  4.903536482424910e-02  8.636120827524742e-02 -6.754267095692623e-02  0.000000000000000e+00  4.275314285769147e-02  4.903536482424910e-02  8.636120827524742e-02  6.754267095692623e-02  0.000000000000000e+00  4.275314285769147e-02 
 3.255646901610910e-01  1.000000000000000e+00  7.984853179851890e-01  0.000000000000000e+00  0.000000000000000e+00  0.000000000000000e+00  0.000000000000000e+00  0.000000000000000e+00  0.000000000000000e+00  0.000000000000000e+00  0.000000000000000e+00  0.000000000000000e+00  0.000000000000000e+00  0.000000000000000e+00 -1.936571933593039e-03  2.101141929774211e-02  1.717298346464250e-01  3.153434502063240e-01  0.000000000000000e+00  0.000000000000000e+00  1.716307178238316e-02  0.000000000000000e+00  0.000000000000000e+00 -1.893618225757670e-01  0.000000000000000e+00  0.000000000000000e+00 -5.081636165924890e-01  2.384115993804510e-01  0.000000000000000e+00  0.000000000000000e+00  0.000000000000000e+00  0.000000000000000e+00  3.637356166815020e-01  5.184889605181950e-01 -3.033345040338800e-01  0.000000000000000e+00  1.920045979955070e-01  3.637356166815020e-01  5.184889605181950e-01  3.033345040338800e-01  0.000000000000000e+00  1.920045979955070e-01 
 1.517741117841460e-01  7.984853179851890e-01  1.000000000000000e+00  0.000000000000000e+00  0.000000000000000e+00  0.000000000000000e+00  0.000000000000000e+00  0.000000000000000e+00  0.000000000000000e+00  0.000000000000000e+00  0.000000000000000e+00  0.000000000000000e+00  0.000000000000000e+00  0.000000000000000e+00 -1.016821272316568e-02  8.331186379890894e-02  3.423916420732040e-01  5.386596384749840e-01  0.000000000000000e+00  0.000000000000000e+00  2.506310361303461e-02  0.000000000000000e+00  0.000000000000000e+00 -2.032033051291950e-01  0.000000000000000e+00  0.000000000000000e+00 -5.430183290041550e-01  1.142635248788460e-01  0.000000000000000e+00  0.000000000000000e+00  0.000000000000000e+00  0.000000000000000e+00  4.519821672040690e-01  7.607056011594210e-01 -1.575240509487440e-01  0.000000000000000e+00  9.970953411109233e-02  4.519821672040690e-01  7.607056011594210e-01  1.575240509487440e-01  0.000000000000000e+00  9.970953411109233e-02 
 0.000000000000000e+00  0.000000000000000e+00  0.000000000000000e+00  1.000000000000000e+00  0.000000000000000e+00  0.000000000000000e+00  5.318994173794190e-01  0.000000000000000e+00  0.000000000000000e+00  0.000000000000000e+00  0.000000000000000e+00  0.000000000000000e+00  0.000000000000000e+00  0.000000000000000e+00  0.000000000000000e+00  0.000000000000000e+00  0.000000000000000e+00  0.000000000000000e+00 -3.271093242358993e-03  0.000000000000000e+00  0.000000000000000e+00  5.343199041014328e-02  0.000000000000000e+00  0.000000000000000e+00  1.674594363149460e-01  0.000000000000000e+00  0.000000000000000e+00  0.000000000000000e+00 -1.461436912503390e-01  0.000000000000000e+00  0.000000000000000e+00  0.000000000000000e+00  3.279938970214280e-01  1.763513890395410e-01 -2.330014073257950e-01  0.000000000000000e+00  2.738938988379290e-01 -3.279938970214280e-01 -1.763513890395410e-01 -2.330014073257950e-01  0.000000000000000e+00 -2.738938988379290e-01 
 0.000000000000000e+00  0.000000000000000e+00  0.000000000000000e+00  0.000000000000000e+00  1.000000000000000e+00  0.000000000000000e+00  0.000000000000000e+00  5.318994173794190e-01  0.000000000000000e+00  0.000000000000000e+00  0.000000000000000e+00  0.000000000000000e+00  0.000000000000000e+00  0.000000000000000e+00  0.000000000000000e+00  0.000000000000000e+00  0.000000000000000e+00  0.000000000000000e+00  0.000000000000000e+00 -3.271093242358993e-03  0.000000000000000e+00  0.000000000000000e+00  5.343199041014328e-02  0.000000000000000e+00  0.000000000000000e+00  1.674594363149460e-01  0.000000000000000e+00  0.000000000000000e+00  0.000000000000000e+00 -1.461436912503390e-01  0.000000000000000e+00  0.000000000000000e+00  0.000000000000000e+00  0.000000000000000e+00  0.000000000000000e+00  1.997042196709750e-01  0.000000000000000e+00  0.000000000000000e+00  0.000000000000000e+00  0.000000000000000e+00  1.997042196709750e-01  0.000000000000000e+00 
 0.000000000000000e+00  0.000000000000000e+00  0.000000000000000e+00  0.000000000000000e+00  0.000000000000000e+00  1.000000000000000e+00  0.000000000000000e+00  0.000000000000000e+00  5.318994173794190e-01  7.453753626739420e-19  0.000000000000000e+00  0.000000000000000e+00  0.000000000000000e+00  0.000000000000000e+00 -2.199557354562045e-03  2.662820720101047e-02  1.905353770858760e-01  1.945736817835600e-01  0.000000000000000e+00  0.000000000000000e+00  2.482080033510729e-02  0.000000000000000e+00  0.000000000000000e+00 -2.440908465389420e-01  0.000000000000000e+00  0.000000000000000e+00 -2.446661834939420e-01  2.835011922028490e-01  0.000000000000000e+00  0.000000000000000e+00  0.000000000000000e+00  0.000000000000000e+00 -2.076134943604870e-01 -1.116268578358120e-01  2.738938988379290e-01  0.000000000000000e+00  2.633492854039840e-02 -2.076134943604870e-01 -1.116268578358120e-01 -2.738938988379290e-01  0.000000000000000e+00  2.633492854039840e-02 
 0.000000000000000e+00  0.000000000000000e+00  0.000000000000000e+00  5.318994173794190e-01  0.000000000000000e+00  0.000000000000000e+00  1.000000000000000e+00  0.000000000000000e+00  0.000000000000000e+00  0.000000000000000e+00  0.000000000000000e+00  0.000000000000000e+00  0.000000000000000e+00  0.000000000000000e+00  0.000000000000000e+00  0.000000000000000e+00  0.000000000000000e+00  0.000000000000000e+00 -2.249005563768609e-02  0.000000000000000e+00  0.000000000000000e+00  1.816845262307570e-01  0.000000000000000e+00  0.000000000000000e+00  4.715043977080300e-01  0.000000000000000e+00  0.000000000000000e+00  0.000000000000000e+00 -1.997875687708050e-01  0.000000000000000e+00  0.000000000000000e+00  0.000000000000000e+00  4.773489405242570e-01  4.503660117139430e-01  5.556337613011107e-02  0.000000000000000e+00  1.326326145295120e-01 -4.773489405242570e-01 -4.503660117139430e-01  5.556337613011107e-02  0.000000000000000e+00 -1.326326145295120e-01 
 0.000000000000000e+00  0.000000000000000e+00  0.000000000000000e+00  0.000000000000000e+00  5.318994173794190e-01  0.000000000000000e+00  0.000000000000000e+00  1.000000000000000e+00  0.000000000000000e+00  0.000000000000000e+00  0.000000000000000e+00  0.000000000000000e+00  0.000000000000000e+00  0.000000000000000e+00  0.000000000000000e+00  0.000000000000000e+00  0.000000000000000e+00  0.000000000000000e+00  0.000000000000000e+00 -2.249005563768609e-02  0.000000000000000e+00  0.000000000000000e+00  1.816845262307570e-01  0.000000000000000e+00  0.000000000000000e+00  4.715043977080300e-01  0.000000000000000e+00  0.000000000000000e+00  0.000000000000000e+00 -1.997875687708050e-01  0.000000000000000e+00  0.000000000000000e+00  0.000000000000000e+00  0.000000000000000e+00  0.000000000000000e+00  2.651002766368770e-01  0.000000000000000e+00  0.000000000000000e+00  0.000000000000000e+00  0.000000000000000e+00  2.651002766368770e-01  0.000000000000000e+00 
 0.000000000000000e+00  0.000000000000000e+00  0.000000000000000e+00  0.000000000000000e+00  0.000000000000000e+00  5.318994173794190e-01  0.000000000000000e+00  0.000000000000000e+00  1.000000000000000e+00  0.000000000000000e+00  0.000000000000000e+00  0.000000000000000e+00  0.000000000000000e+00  0.000000000000000e+00 -2.213516588587192e-02  1.731904855800910e-01  5.414825614721440e-01  5.727782936879720e-01  0.000000000000000e+00  0.000000000000000e+00  3.831578833919912e-02  0.000000000000000e+00  0.000000000000000e+00 -2.322039631055240e-01  0.000000000000000e+00  0.000000000000000e+00 -2.341011005003000e-01  2.581076757866563e-02  0.000000000000000e+00  0.000000000000000e+00  0.000000000000000e+00  0.000000000000000e+00 -3.021522121951040e-01 -2.850725647100050e-01  1.326326145295120e-01  0.000000000000000e+00  1.811465176837330e-01 -3.021522121951040e-01 -2.850725647100050e-01 -1.326326145295120e-01  0.000000000000000e+00  1.811465176837330e-01 
 2.775557561562891e-17  0.000000000000000e+00  0.000000000000000e+00  0.000000000000000e+00  0.000000000000000e+00  7.453753626739420e-19  0.000000000000000e+00  0.000000000000000e+00  0.000000000000000e+00  1.000000000000000e+00  0.000000000000000e+00  0.000000000000000e+00  0.000000000000000e+00  0.000000000000000e+00 -1.465363232983654e-03  2.534303821849077e-02  1.461660146123240e-01  7.215673278495532e-02  0.000000000000000e+00  0.000000000000000e+00  2.895934460623427e-02  0.000000000000000e+00  0.000000000000000e+00 -2.354643345388420e-01  0.000000000000000e+00  0.000000000000000e+00 -4.591140556915935e-02  2.346206364024220e-01  0.000000000000000e+00  0.000000000000000e+00  0.000000000000000e+00  0.000000000000000e+00 -2.123223448822753e-02 -3.495857395346191e-03 -1.217317959413310e-01  0.000000000000000e+00 -2.291004426047470e-01 -2.123223448822753e-02 -3.495857395346191e-03  1.217317959413310e-01  0.000000000000000e+00 -2.291004426047470e-01 
 0.000000000000000e+00  0.000000000000000e+00  0.000000000000000e+00  0.000000000000000e+00  0.000000000000000e+00  0.000000000000000e+00  0.000000000000000e+00  0.000000000000000e+00  0.000000000000000e+00  0.000000000000000e+00  1.000000000000000e+00  0.000000000000000e+00  0.000000000000000e+00  0.000000000000000e+00  0.000000000000000e+00  0.000000000000000e+00  0.000000000000000e+00  0.000000000000000e+00 -5.226068675299575e-03  0.000000000000000e+00  0.000000000000000e+00  9.090740964510131e-02  0.000000000000000e+00  0.000000000000000e+00  1.307804960480030e-01  0.000000000000000e+00  0.000000000000000e+00  0.000000000000000e+00 -2.296699277842710e-01  0.000000000000000e+00  0.000000000000000e+00  0.000000000000000e+00 -2.343347445367810e-01 -3.858288444062302e-02  2.591049597423910e-01  0.000000000000000e+00  3.355255031953924e-03  2.343347445367810e-01  3.858288444062302e-02  2.591049597423910e-01  0.000000000000000e+00 -3.355255031953924e-03 
 0.000000000000000e+00  0.000000000000000e+00  0.000000000000000e+00  0.000000000000000e+00  0.000000000000000e+00  0.000000000000000e+00  0.000000000000000e+00  0.000000000000000e+00  0.000000000000000e+00  0.000000000000000e+00  0.000000000000000e+00  1.000000000000000e+00  0.000000000000000e+00  0.000000000000000e+00  0.000000000000000e+00  0.000000000000000e+00  0.000000000000000e+00  0.000000000000000e+00  0.000000000000000e+00 -5.226068675299575e-03  0.000000000000000e+00  0.000000000000000e+00  9.090740964510131e-02  0.000000000000000e+00  0.000000000000000e+00  1.307804960480030e-01  0.000000000000000e+00  0.000000000000000e+00  0.000000000000000e+00 -2.296699277842710e-01  0.000000000000000e+00  0.000000000000000e+00  0.000000000000000e+00  0.000000000000000e+00  0.000000000000000e+00 -1.767582121808940e-01  0.000000000000000e+00  0.000000000000000e+00  0.000000000000000e+00  0.000000000000000e+00 -1.767582121808940e-01  0.000000000000000e+00 
 0.000000000000000e+00  0.000000000000000e+00  0.000000000000000e+00  0.000000000000000e+00  0.000000000000000e+00  0.000000000000000e+00  0.000000000000000e+00  0.000000000000000e+00  0.000000000000000e+00  0.000000000000000e+00  0.000000000000000e+00  0.000000000000000e+00  1.000000000000000e+00  0.000000000000000e+00  0.000000000000000e+00  0.000000000000000e+00  0.000000000000000e+00  0.000000000000000e+00  0.000000000000000e+00  0.000000000000000e+00  0.000000000000000e+00  0.000000000000000e+00  0.000000000000000e+00  0.000000000000000e+00  0.000000000000000e+00  0.000000000000000e+00  0.000000000000000e+00  0.000000000000000e+00  0.000000000000000e+00  0.000000000000000e+00  4.534748598717854e-02  0.000000000000000e+00  0.000000000000000e+00  0.000000000000000e+00  0.000000000000000e+00  2.792478158625210e-01  0.000000000000000e+00  0.000000000000000e+00  0.000000000000000e+00  0.000000000000000e+00 -2.792478158625210e-01  0.000000000000000e+00 
 0.000000000000000e+00  0.000000000000000e+00  0.000000000000000e+00  0.000000000000000e+00  0.000000000000000e+00  0.000000000000000e+00  0.000000000000000e+00  0.000000000000000e+00  0.000000000000000e+00  0.000000000000000e+00  0.000000000000000e+00  0.000000000000000e+00  0.000000000000000e+00  1.000000000000000e+00  0.000000000000000e+00  0.000000000000000e+00  0.000000000000000e+00  0.000000000000000e+00  0.000000000000000e+00  0.000000000000000e+00  0.000000000000000e+00  0.000000000000000e+00  0.000000000000000e+00  0.000000000000000e+00  0.000000000000000e+00  0.000000000000000e+00  0.000000000000000e+00  0.000000000000000e+00  0.000000000000000e+00  0.000000000000000e+00  0.000000000000000e+00  4.534748598717846e-02  1.851044564923220e-01  3.047718710430752e-02 -6.504690536357405e-02  0.000000000000000e+00  2.179315859616420e-01  1.851044564923220e-01  3.047718710430752e-02  6.504690536357405e-02  0.000000000000000e+00  2.179315859616420e-01 
 0.000000000000000e+00 -1.936571933593039e-03 -1.016821272316568e-02  0.000000000000000e+00  0.000000000000000e+00 -2.199557354562045e-03  0.000000000000000e+00  0.000000000000000e+00 -2.213516588587192e-02 -1.465363232983654e-03  0.000000000000000e+00  0.000000000000000e+00  0.000000000000000e+00  0.000000000000000e+00  1.000000000000000e+00 -2.803616428284000e-01 -7.188584233382106e-02 -3.502588830377146e-02  0.000000000000000e+00  0.000000000000000e+00  0.000000000000000e+00  0.000000000000000e+00  0.000000000000000e+00  0.000000000000000e+00  0.000000000000000e+00  0.000000000000000e+00  0.000000000000000e+00  3.252606517456513e-18  0.000000000000000e+00  0.000000000000000e+00  0.000000000000000e+00  0.000000000000000e+00 -8.853836191256936e-06 -2.719764292318869e-03  4.664678758001250e-08  0.000000000000000e+00 -1.105685341542226e-07 -8.853836191256936e-06 -2.719764292318869e-03 -4.664678758001250e-08  0.000000000000000e+00 -1.105685341542226e-07 
 1.335811247587147e-06  2.101141929774212e-02  8.331186379890894e-02  0.000000000000000e+00  0.000000000000000e+00  2.662820720101047e-02  0.000000000000000e+00  0.000000000000000e+00  1.731904855800910e-01  2.534303821849077e-02  0.000000000000000e+00  0.000000000000000e+00  0.000000000000000e+00  0.000000000000000e+00 -2.803616428284010e-01  1.000000000000000e+00  4.994053804639980e-01  2.710531661376080e-01  0.000000000000000e+00  0.000000000000000e+00  0.000000000000000e+00  0.000000000000000e+00  0.000000000000000e+00  0.000000000000000e+00  0.000000000000000e+00  0.000000000000000e+00  0.000000000000000e+00  5.551115123125783e-17  0.000000000000000e+00  0.000000000000000e+00  0.000000000000000e+00  0.000000000000000e+00  2.111121742751201e-04  2.354567967596919e-02 -9.035244722472996e-06  0.000000000000000e+00  2.141656085051778e-05  2.111121742751201e-04  2.354567967596919e-02  9.035244722472996e-06  0.000000000000000e+00  2.141656085051778e-05 
 1.372208838281136e-02  1.717298346464250e-01  3.423916420732040e-01  0.000000000000000e+00  0.000000000000000e+00  1.905353770858760e-01  0.000000000000000e+00  0.000000000000000e+00  5.414825614721440e-01  1.461660146123240e-01  0.000000000000000e+00  0.000000000000000e+00  0.000000000000000e+00  0.000000000000000e+00 -7.188584233382106e-02  4.994053804639980e-01  1.000000000000000e+00  8.435048452684309e-01  0.000000000000000e+00  0.000000000000000e+00  0.000000000000000e+00  0.000000000000000e+00  0.000000000000000e+00  0.000000000000000e+00  0.000000000000000e+00  0.000000000000000e+00  0.000000000000000e+00  2.220446049250313e-16  0.000000000000000e+00  0.000000000000000e+00  0.000000000000000e+00  0.000000000000000e+00  1.454736083053365e-02  1.274378731090420e-01 -5.609185686131841e-03  0.000000000000000e+00  1.329565166841611e-02  1.454736083053365e-02  1.274378731090420e-01  5.609185686131841e-03  0.000000000000000e+00  1.329565166841611e-02 
 4.571404149179514e-02  3.153434502063240e-01  5.386596384749840e-01  0.000000000000000e+00  0.000000000000000e+00  1.945736817835600e-01  0.000000000000000e+00  0.000000000000000e+00  5.727782936879720e-01  7.215673278495532e-02  0.000000000000000e+00  0.000000000000000e+00  0.000000000000000e+00  0.000000000000000e+00 -3.502588830377146e-02  2.710531661376080e-01  8.435048452684309e-01  1.000000000000000e+00  0.000000000000000e+00  0.000000000000000e+00  0.000000000000000e+00  0.000000000000000e+00  0.000000000000000e+00  0.000000000000000e+00  0.000000000000000e+00  0.000000000000000e+00  0.000000000000000e+00  2.220446049250313e-16  0.000000000000000e+00  0.000000000000000e+00  0.000000000000000e+00  0.000000000000000e+00  8.277652147797443e-02  2.699873557675900e-01 -2.531682977719694e-02  0.000000000000000e+00  6.000937906163720e-02  8.277652147797443e-02  2.699873557675900e-01  2.531682977719694e-02  0.000000000000000e+00  6.000937906163720e-02 
 0.000000000000000e+00  0.000000000000000e+00  0.000000000000000e+00 -3.271093242358996e-03  0.000000000000000e+00  0.000000000000000e+00 -2.249005563768609e-02  0.000000000000000e+00  0.000000000000000e+00  0.000000000000000e+00 -5.226068675299575e-03  0.000000000000000e+00  0.000000000000000e+00  0.000000000000000e+00  0.000000000000000e+00  0.000000000000000e+00  0.000000000000000e+00  0.000000000000000e+00  1.000000000000000e+00  0.000000000000000e+00  0.000000000000000e+00 -3.589214646914950e-01  0.000000000000000e+00  0.000000000000000e+00 -9.805756426494726e-02  0.000000000000000e+00  0.000000000000000e+00  0.000000000000000e+00  0.000000000000000e+00  0.000000000000000e+00  0.000000000000000e+00  0.000000000000000e+00 -9.651238119183846e-05 -3.776366568328622e-03  3.813020449028210e-06  0.000000000000000e+00 -1.234302948937071e-05  9.651238119183846e-05  3.776366568328622e-03  3.813020449028210e-06  0.000000000000000e+00  1.234302948937071e-05 
 0.000000000000000e+00  0.000000000000000e+00  0.000000000000000e+00  0.000000000000000e+00 -3.271093242358996e-03  0.000000000000000e+00  0.000000000000000e+00 -2.249005563768609e-02  0.000000000000000e+00  0.000000000000000e+00  0.000000000000000e+00 -5.226068675299575e-03  0.000000000000000e+00  0.000000000000000e+00  0.000000000000000e+00  0.000000000000000e+00  0.000000000000000e+00  0.000000000000000e+00  0.000000000000000e+00  1.000000000000000e+00  0.000000000000000e+00  0.000000000000000e+00 -3.589214646914950e-01  0.000000000000000e+00  0.000000000000000e+00 -9.805756426494726e-02  0.000000000000000e+00  0.000000000000000e+00  0.000000000000000e+00  0.000000000000000e+00  0.000000000000000e+00  0.000000000000000e+00  0.000000000000000e+00  0.000000000000000e+00  0.000000000000000e+00 -1.394271834338986e-06  0.000000000000000e+00  0.000000000000000e+00  0.000000000000000e+00  0.000000000000000e+00 -1.394271834338986e-06  0.000000000000000e+00 
 1.493582260565068e-06  1.716307178238316e-02  2.506310361303461e-02  0.000000000000000e+00  0.000000000000000e+00  2.482080033510731e-02  0.000000000000000e+00  0.000000000000000e+00  3.831578833919912e-02  2.895934460623427e-02  0.000000000000000e+00  0.000000000000000e+00  0.000000000000000e+00  0.000000000000000e+00  0.000000000000000e+00  0.000000000000000e+00  0.000000000000000e+00  0.000000000000000e+00  0.000000000000000e+00  0.000000000000000e+00  1.000000000000000e+00  0.000000000000000e+00  0.000000000000000e+00 -3.589214646914960e-01  0.000000000000000e+00  0.000000000000000e+00 -9.805756426494724e-02  0.000000000000000e+00  0.000000000000000e+00  0.000000000000000e+00  0.000000000000000e+00  0.000000000000000e+00  2.287667183471303e-04  8.951255543008074e-03 -1.234302948937071e-05  0.000000000000000e+00  2.786284850478676e-05  2.287667183471303e-04  8.951255543008074e-03  1.234302948937071e-05  0.000000000000000e+00  2.786284850478676e-05 
 0.000000000000000e+00  0.000000000000000e+00  0.000000000000000e+00  5.343199041014331e-02  0.000000000000000e+00  0.000000000000000e+00  1.816845262307570e-01  0.000000000000000e+00  0.000000000000000e+00  0.000000000000000e+00  9.090740964510131e-02  0.000000000000000e+00  0.000000000000000e+00  0.000000000000000e+00  0.000000000000000e+00  0.000000000000000e+00  0.000000000000000e+00  0.000000000000000e+00 -3.589214646914950e-01  0.000000000000000e+00  0.000000000000000e+00  1.000000000000000e+00  0.000000000000000e+00  0.000000000000000e+00  6.138397360671300e-01  0.000000000000000e+00  0.000000000000000e+00  0.000000000000000e+00  0.000000000000000e+00  0.000000000000000e+00  0.000000000000000e+00  0.000000000000000e+00  4.746297148744554e-03  3.642308289666918e-02 -9.180283492262022e-04  0.000000000000000e+00  4.070034381701806e-03 -4.746297148744554e-03 -3.642308289666918e-02 -9.180283492262022e-04  0.000000000000000e+00 -4.070034381701806e-03 
 0.000000000000000e+00  0.000000000000000e+00  0.000000000000000e+00  0.000000000000000e+00  5.343199041014331e-02  0.000000000000000e+00  0.000000000000000e+00  1.816845262307570e-01  0.000000000000000e+00  0.000000000000000e+00  0.000000000000000e+00  9.090740964510131e-02  0.000000000000000e+00  0.000000000000000e+00  0.000000000000000e+00  0.000000000000000e+00  0.000000000000000e+00  0.000000000000000e+00  0.000000000000000e+00 -3.589214646914950e-01  0.000000000000000e+00  0.000000000000000e+00  1.000000000000000e+00  0.000000000000000e+00  0.000000000000000e+00  6.138397360671300e-01  0.000000000000000e+00  0.000000000000000e+00  0.000000000000000e+00  0.000000000000000e+00  0.000000000000000e+00  0.000000000000000e+00  0.000000000000000e+00  0.000000000000000e+00  0.000000000000000e+00  7.990427026680057e-04  0.000000000000000e+00  0.000000000000000e+00  0.000000000000000e+00  0.000000000000000e+00  7.990427026680057e-04  0.000000000000000e+00 
-1.104550246081547e-02 -1.893618225757670e-01 -2.032033051291950e-01  0.000000000000000e+00  0.000000000000000e+00 -2.440908465389420e-01  0.000000000000000e+00  0.000000000000000e+00 -2.322039631055240e-01 -2.354643345388420e-01  0.000000000000000e+00  0.000000000000000e+00  0.000000000000000e+00  0.000000000000000e+00  0.000000000000000e+00  0.000000000000000e+00  0.000000000000000e+00  0.000000000000000e+00  0.000000000000000e+00  0.000000000000000e+00 -3.589214646914960e-01  0.000000000000000e+00  0.000000000000000e+00  1.000000000000000e+00  0.000000000000000e+00  0.000000000000000e+00  6.138397360671310e-01  0.000000000000000e+00  0.000000000000000e+00  0.000000000000000e+00  0.000000000000000e+00  0.000000000000000e+00 -1.125031638024131e-02 -8.633492452946678e-02  4.070034381701805e-03  0.000000000000000e+00 -8.848304068428460e-03 -1.125031638024131e-02 -8.633492452946678e-02 -4.070034381701805e-03  0.000000000000000e+00 -8.848304068428460e-03 
 0.000000000000000e+00  0.000000000000000e+00  0.000000000000000e+00  1.674594363149460e-01  0.000000000000000e+00  0.000000000000000e+00  4.715043977080300e-01  0.000000000000000e+00  0.000000000000000e+00  0.000000000000000e+00  1.307804960480030e-01  0.000000000000000e+00  0.000000000000000e+00  0.000000000000000e+00  0.000000000000000e+00  0.000000000000000e+00  0.000000000000000e+00  0.000000000000000e+00 -9.805756426494726e-02  0.000000000000000e+00  0.000000000000000e+00  6.138397360671300e-01  0.000000000000000e+00  0.000000000000000e+00  1.000000000000000e+00  0.000000000000000e+00  0.000000000000000e+00  0.000000000000000e+00  0.000000000000000e+00  0.000000000000000e+00  0.000000000000000e+00  0.000000000000000e+00  6.401157526805266e-02  1.391946555121740e-01  3.926595653515053e-03  0.000000000000000e+00  5.915351350508830e-02 -6.401157526805266e-02 -1.391946555121740e-01  3.926595653515053e-03  0.000000000000000e+00 -5.915351350508830e-02 
 0.000000000000000e+00  0.000000000000000e+00  0.000000000000000e+00  0.000000000000000e+00  1.674594363149460e-01  0.000000000000000e+00  0.000000000000000e+00  4.715043977080300e-01  0.000000000000000e+00  0.000000000000000e+00  0.000000000000000e+00  1.307804960480030e-01  0.000000000000000e+00  0.000000000000000e+00  0.000000000000000e+00  0.000000000000000e+00  0.000000000000000e+00  0.000000000000000e+00  0.000000000000000e+00 -9.805756426494726e-02  0.000000000000000e+00  0.000000000000000e+00  6.138397360671300e-01  0.000000000000000e+00  0.000000000000000e+00  1.000000000000000e+00  0.000000000000000e+00  0.000000000000000e+00  0.000000000000000e+00  0.000000000000000e+00  0.000000000000000e+00  0.000000000000000e+00  0.000000000000000e+00  0.000000000000000e+00  0.000000000000000e+00  2.888235182944947e-02  0.000000000000000e+00  0.000000000000000e+00  0.000000000000000e+00  0.000000000000000e+00  2.888235182944947e-02  0.000000000000000e+00 
-9.621261634133778e-02 -5.081636165924890e-01 -5.430183290041550e-01  0.000000000000000e+00  0.000000000000000e+00 -2.446661834939420e-01  0.000000000000000e+00  0.000000000000000e+00 -2.341011005003000e-01 -4.591140556915935e-02  0.000000000000000e+00  0.000000000000000e+00  0.000000000000000e+00  0.000000000000000e+00  0.000000000000000e+00  0.000000000000000e+00  0.000000000000000e+00  0.000000000000000e+00  0.000000000000000e+00  0.000000000000000e+00 -9.805756426494724e-02  0.000000000000000e+00  0.000000000000000e+00  6.138397360671310e-01  0.000000000000000e+00  0.000000000000000e+00  1.000000000000000e+00  0.000000000000000e+00  0.000000000000000e+00  0.000000000000000e+00  0.000000000000000e+00  0.000000000000000e+00 -1.517289059648760e-01 -3.299380261863460e-01  5.915351350508836e-02  0.000000000000000e+00 -1.113313181282250e-01 -1.517289059648760e-01 -3.299380261863460e-01 -5.915351350508836e-02  0.000000000000000e+00 -1.113313181282250e-01 
 3.789265201695920e-02  2.384115993804510e-01  1.142635248788460e-01  0.000000000000000e+00  0.000000000000000e+00  2.835011922028490e-01  0.000000000000000e+00  0.000000000000000e+00  2.581076757866563e-02  2.346206364024220e-01  0.000000000000000e+00  0.000000000000000e+00  0.000000000000000e+00  0.000000000000000e+00  3.252606517456513e-18  5.551115123125783e-17  2.220446049250313e-16  2.220446049250313e-16  0.000000000000000e+00  0.000000000000000e+00  0.000000000000000e+00  0.000000000000000e+00  0.000000000000000e+00  0.000000000000000e+00  0.000000000000000e+00  0.000000000000000e+00  0.000000000000000e+00  1.000000000000000e+00  0.000000000000000e+00  0.000000000000000e+00  0.000000000000000e+00  0.000000000000000e+00  2.177917108685462e-02  5.829843584736383e-02 -1.246629178758324e-02  0.000000000000000e+00  2.169337779042903e-02  2.177917108685462e-02  5.829843584736383e-02  1.246629178758324e-02  0.000000000000000e+00  2.169337779042903e-02 
 0.000000000000000e+00  0.000000000000000e+00  0.000000000000000e+00 -1.461436912503390e-01  0.000000000000000e+00  0.000000000000000e+00 -1.997875687708050e-01  0.000000000000000e+00  0.000000000000000e+00  0.000000000000000e+00 -2.296699277842710e-01  0.000000000000000e+00  0.000000000000000e+00  0.000000000000000e+00  0.000000000000000e+00  0.000000000000000e+00  0.000000000000000e+00  0.000000000000000e+00  0.000000000000000e+00  0.000000000000000e+00  0.000000000000000e+00  0.000000000000000e+00  0.000000000000000e+00  0.000000000000000e+00  0.000000000000000e+00  0.000000000000000e+00  0.000000000000000e+00  0.000000000000000e+00  1.000000000000000e+00  0.000000000000000e+00  0.000000000000000e+00  0.000000000000000e+00 -1.746907520519261e-02 -4.676118095134432e-02  4.577475268485092e-03  0.000000000000000e+00 -1.968759004873135e-02  1.746907520519261e-02  4.676118095134432e-02  4.577475268485092e-03  0.000000000000000e+00  1.968759004873135e-02 
 0.000000000000000e+00  0.000000000000000e+00  0.000000000000000e+00  0.000000000000000e+00 -1.461436912503390e-01  0.000000000000000e+00  0.000000000000000e+00 -1.997875687708050e-01  0.000000000000000e+00  0.000000000000000e+00  0.000000000000000e+00 -2.296699277842710e-01  0.000000000000000e+00  0.000000000000000e+00  0.000000000000000e+00  0.000000000000000e+00  0.000000000000000e+00  0.000000000000000e+00  0.000000000000000e+00  0.000000000000000e+00  0.000000000000000e+00  0.000000000000000e+00  0.000000000000000e+00  0.000000000000000e+00  0.000000000000000e+00  0.000000000000000e+00  0.000000000000000e+00  0.000000000000000e+00  0.000000000000000e+00  1.000000000000000e+00  0.000000000000000e+00  0.000000000000000e+00  0.000000000000000e+00  0.000000000000000e+00  0.000000000000000e+00 -4.535614953828060e-03  0.000000000000000e+00  0.000000000000000e+00  0.000000000000000e+00  0.000000000000000e+00 -4.535614953828060e-03  0.000000000000000e+00 
 0.000000000000000e+00  0.000000000000000e+00  0.000000000000000e+00  0.000000000000000e+00  0.000000000000000e+00  0.000000000000000e+00  0.000000000000000e+00  0.000000000000000e+00  0.000000000000000e+00  0.000000000000000e+00  0.000000000000000e+00  0.000000000000000e+00  4.534748598717854e-02  0.000000000000000e+00  0.000000000000000e+00  0.000000000000000e+00  0.000000000000000e+00  0.000000000000000e+00  0.000000000000000e+00  0.000000000000000e+00  0.000000000000000e+00  0.000000000000000e+00  0.000000000000000e+00  0.000000000000000e+00  0.000000000000000e+00  0.000000000000000e+00  0.000000000000000e+00  0.000000000000000e+00  0.000000000000000e+00  0.000000000000000e+00  1.000000000000000e+00  0.000000000000000e+00  0.000000000000000e+00  0.000000000000000e+00  0.000000000000000e+00  1.913490749554861e-03  0.000000000000000e+00  0.000000000000000e+00  0.000000000000000e+00  0.000000000000000e+00 -1.913490749554861e-03  0.000000000000000e+00 
 0.000000000000000e+00  0.000000000000000e+00  0.000000000000000e+00  0.000000000000000e+00  0.000000000000000e+00  0.000000000000000e+00  0.000000000000000e+00  0.000000000000000e+00  0.000000000000000e+00  0.000000000000000e+00  0.000000000000000e+00  0.000000000000000e+00  0.000000000000000e+00  4.534748598717846e-02  0.000000000000000e+00  0.000000000000000e+00  0.000000000000000e+00  0.000000000000000e+00  0.000000000000000e+00  0.000000000000000e+00  0.000000000000000e+00  0.000000000000000e+00  0.000000000000000e+00  0.000000000000000e+00  0.000000000000000e+00  0.000000000000000e+00  0.000000000000000e+00  0.000000000000000e+00  0.000000000000000e+00  0.000000000000000e+00  0.000000000000000e+00  1.000000000000000e+00  3.684937340216889e-03  9.863831927921896e-03 -8.830040213409461e-06  0.000000000000000e+00  4.556545111156575e-03  3.684937340216889e-03  9.863831927921896e-03  8.830040213409461e-06  0.000000000000000e+00  4.556545111156575e-03 
 4.903536482424911e-02  3.637356166815020e-01  4.519821672040690e-01  3.279938970214280e-01  0.000000000000000e+00 -2.076134943604870e-01  4.773489405242570e-01  0.000000000000000e+00 -3.021522121951040e-01 -2.123223448822753e-02 -2.343347445367810e-01  0.000000000000000e+00  0.000000000000000e+00  1.851044564923220e-01 -8.853836191256924e-06  2.111121742751201e-04  1.454736083053365e-02  8.277652147797443e-02 -9.651238119183846e-05  0.000000000000000e+00  2.287667183471303e-04  4.746297148744554e-03  0.000000000000000e+00 -1.125031638024131e-02  6.401157526805266e-02  0.000000000000000e+00 -1.517289059648760e-01  2.177917108685462e-02 -1.746907520519261e-02  0.000000000000000e+00  0.000000000000000e+00  3.684937340216889e-03  1.000000000000000e+00  6.847998247453730e-01  0.000000000000000e+00  0.000000000000000e+00  0.000000000000000e+00  4.579416298792001e-02  2.053470178260990e-01  5.136650217668907e-02  0.000000000000000e+00  0.000000000000000e+00 
 8.636120827524742e-02  5.184889605181950e-01  7.607056011594210e-01  1.763513890395410e-01  0.000000000000000e+00 -1.116268578358120e-01  4.503660117139430e-01  0.000000000000000e+00 -2.850725647100050e-01 -3.495857395346191e-03 -3.858288444062302e-02  0.000000000000000e+00  0.000000000000000e+00  3.047718710430752e-02 -2.719764292318870e-03  2.354567967596920e-02  1.274378731090420e-01  2.699873557675900e-01 -3.776366568328622e-03  0.000000000000000e+00  8.951255543008074e-03  3.642308289666918e-02  0.000000000000000e+00 -8.633492452946678e-02  1.391946555121740e-01  0.000000000000000e+00 -3.299380261863460e-01  5.829843584736383e-02 -4.676118095134432e-02  0.000000000000000e+00  0.000000000000000e+00  9.863831927921896e-03  6.847998247453730e-01  1.000000000000000e+00  0.000000000000000e+00  0.000000000000000e+00  0.000000000000000e+00  2.053470178260990e-01  4.715262701659770e-01  1.257015070889950e-01  0.000000000000000e+00  0.000000000000000e+00 
-6.754267095692623e-02 -3.033345040338800e-01 -1.575240509487440e-01 -2.330014073257950e-01  0.000000000000000e+00  2.738938988379290e-01  5.556337613011107e-02  0.000000000000000e+00  1.326326145295120e-01 -1.217317959413310e-01  2.591049597423910e-01  0.000000000000000e+00  0.000000000000000e+00 -6.504690536357405e-02  4.664678758001250e-08 -9.035244722472996e-06 -5.609185686131841e-03 -2.531682977719694e-02  3.813020449028210e-06  0.000000000000000e+00 -1.234302948937071e-05 -9.180283492262022e-04  0.000000000000000e+00  4.070034381701805e-03  3.926595653515053e-03  0.000000000000000e+00  5.915351350508836e-02 -1.246629178758324e-02  4.577475268485092e-03  0.000000000000000e+00  0.000000000000000e+00 -8.830040213409461e-06  0.000000000000000e+00  0.000000000000000e+00  1.000000000000000e+00  0.000000000000000e+00  0.000000000000000e+00 -5.136650217668907e-02 -1.257015070889950e-01 -6.394039011344729e-02  0.000000000000000e+00  0.000000000000000e+00 
 0.000000000000000e+00  0.000000000000000e+00  0.000000000000000e+00  0.000000000000000e+00  1.997042196709750e-01  0.000000000000000e+00  0.000000000000000e+00  2.651002766368770e-01  0.000000000000000e+00  0.000000000000000e+00  0.000000000000000e+00 -1.767582121808940e-01  2.792478158625210e-01  0.000000000000000e+00  0.000000000000000e+00  0.000000000000000e+00  0.000000000000000e+00  0.000000000000000e+00  0.000000000000000e+00 -1.394271834338986e-06  0.000000000000000e+00  0.000000000000000e+00  7.990427026680057e-04  0.000000000000000e+00  0.000000000000000e+00  2.888235182944947e-02  0.000000000000000e+00  0.000000000000000e+00  0.000000000000000e+00 -4.535614953828060e-03  1.913490749554861e-03  0.000000000000000e+00  0.000000000000000e+00  0.000000000000000e+00  0.000000000000000e+00  1.000000000000000e+00  0.000000000000000e+00  0.000000000000000e+00  0.000000000000000e+00  0.000000000000000e+00  7.213907509890570e-03  0.000000000000000e+00 
 4.275314285769147e-02  1.920045979955070e-01  9.970953411109233e-02  2.738938988379290e-01  0.000000000000000e+00  2.633492854039840e-02  1.326326145295120e-01  0.000000000000000e+00  1.811465176837330e-01 -2.291004426047470e-01  3.355255031953924e-03  0.000000000000000e+00  0.000000000000000e+00  2.179315859616420e-01 -1.105685341542226e-07  2.141656085051778e-05  1.329565166841611e-02  6.000937906163720e-02 -1.234302948937071e-05  0.000000000000000e+00  2.786284850478677e-05  4.070034381701806e-03  0.000000000000000e+00 -8.848304068428460e-03  5.915351350508830e-02  0.000000000000000e+00 -1.113313181282250e-01  2.169337779042903e-02 -1.968759004873135e-02  0.000000000000000e+00  0.000000000000000e+00  4.556545111156575e-03  0.000000000000000e+00  0.000000000000000e+00  0.000000000000000e+00  0.000000000000000e+00  1.000000000000000e+00  0.000000000000000e+00  0.000000000000000e+00  0.000000000000000e+00  0.000000000000000e+00  7.213907509890571e-03 
 4.903536482424911e-02  3.637356166815020e-01  4.519821672040690e-01 -3.279938970214280e-01  0.000000000000000e+00 -2.076134943604870e-01 -4.773489405242570e-01  0.000000000000000e+00 -3.021522121951040e-01 -2.123223448822753e-02  2.343347445367810e-01  0.000000000000000e+00  0.000000000000000e+00  1.851044564923220e-01 -8.853836191256924e-06  2.111121742751201e-04  1.454736083053365e-02  8.277652147797443e-02  9.651238119183846e-05  0.000000000000000e+00  2.287667183471303e-04 -4.746297148744554e-03  0.000000000000000e+00 -1.125031638024131e-02 -6.401157526805266e-02  0.000000000000000e+00 -1.517289059648760e-01  2.177917108685462e-02  1.746907520519261e-02  0.000000000000000e+00  0.000000000000000e+00  3.684937340216889e-03  4.579416298792001e-02  2.053470178260990e-01 -5.136650217668907e-02  0.000000000000000e+00  0.000000000000000e+00  1.000000000000000e+00  6.847998247453730e-01  0.000000000000000e+00  0.000000000000000e+00  0.000000000000000e+00 
 8.636120827524742e-02  5.184889605181950e-01  7.607056011594210e-01 -1.763513890395410e-01  0.000000000000000e+00 -1.116268578358120e-01 -4.503660117139430e-01  0.000000000000000e+00 -2.850725647100050e-01 -3.495857395346191e-03  3.858288444062302e-02  0.000000000000000e+00  0.000000000000000e+00  3.047718710430752e-02 -2.719764292318870e-03  2.354567967596920e-02  1.274378731090420e-01  2.699873557675900e-01  3.776366568328622e-03  0.000000000000000e+00  8.951255543008074e-03 -3.642308289666918e-02  0.000000000000000e+00 -8.633492452946678e-02 -1.391946555121740e-01  0.000000000000000e+00 -3.299380261863460e-01  5.829843584736383e-02  4.676118095134432e-02  0.000000000000000e+00  0.000000000000000e+00  9.863831927921896e-03  2.053470178260990e-01  4.715262701659770e-01 -1.257015070889950e-01  0.000000000000000e+00  0.000000000000000e+00  6.847998247453730e-01  1.000000000000000e+00  0.000000000000000e+00  0.000000000000000e+00  0.000000000000000e+00 
 6.754267095692623e-02  3.033345040338800e-01  1.575240509487440e-01 -2.330014073257950e-01  0.000000000000000e+00 -2.738938988379290e-01  5.556337613011107e-02  0.000000000000000e+00 -1.326326145295120e-01  1.217317959413310e-01  2.591049597423910e-01  0.000000000000000e+00  0.000000000000000e+00  6.504690536357405e-02 -4.664678758001250e-08  9.035244722472996e-06  5.609185686131841e-03  2.531682977719694e-02  3.813020449028210e-06  0.000000000000000e+00  1.234302948937071e-05 -9.180283492262022e-04  0.000000000000000e+00 -4.070034381701805e-03  3.926595653515053e-03  0.000000000000000e+00 -5.915351350508836e-02  1.246629178758324e-02  4.577475268485092e-03  0.000000000000000e+00  0.000000000000000e+00  8.830040213409461e-06  5.136650217668907e-02  1.257015070889950e-01 -6.394039011344729e-02  0.000000000000000e+00  0.000000000000000e+00  0.000000000000000e+00  0.000000000000000e+00  1.000000000000000e+00  0.000000000000000e+00  0.000000000000000e+00 
 0.000000000000000e+00  0.000000000000000e+00  0.000000000000000e+00  0.000000000000000e+00  1.997042196709750e-01  0.000000000000000e+00  0.000000000000000e+00  2.651002766368770e-01  0.000000000000000e+00  0.000000000000000e+00  0.000000000000000e+00 -1.767582121808940e-01 -2.792478158625210e-01  0.000000000000000e+00  0.000000000000000e+00  0.000000000000000e+00  0.000000000000000e+00  0.000000000000000e+00  0.000000000000000e+00 -1.394271834338986e-06  0.000000000000000e+00  0.000000000000000e+00  7.990427026680057e-04  0.000000000000000e+00  0.000000000000000e+00  2.888235182944947e-02  0.000000000000000e+00  0.000000000000000e+00  0.000000000000000e+00 -4.535614953828060e-03 -1.913490749554861e-03  0.000000000000000e+00  0.000000000000000e+00  0.000000000000000e+00  0.000000000000000e+00  7.213907509890570e-03  0.000000000000000e+00  0.000000000000000e+00  0.000000000000000e+00  0.000000000000000e+00  1.000000000000000e+00  0.000000000000000e+00 
